Расчет КС
	Альфа1 = 0.85000;
	УХФ: H50.17590N27.44516C5.47029O31.20747;
	энтальпия УХФ: -1001.05408;

				P кс1					
				10.00000;
		Параметры КС
				Температура = 3087.39233 К;
				Энтальпия = -1004.99182 кДж/кг;
				Давление = 10.00000 МПа;

		Состав ПС при Альфа1 = 0.85000 и P кс1 = 10.00000
		Мольные доли (моль/кг), Astra view, <PrM>:
		O:   	56109973-O2.
		H:   	17806326-O0.
		N:   	22418917-O5.
		H2:  	20528367+O1.
		OH:  	18946444-O0.
		HO2: 	50673752-O5.
		H2O: 	22851334+O2.
		H2O2:	23738530-O5.
		N2:  	13712455+O2.
		NO:  	20237253-O1.
		NO2: 	91720448-O6.
		N2O: 	73263140-O6.
		NH:  	31706097-O5.
		NH2: 	34016661-O5.
		N2H2:	71165607-O6.
		HNO: 	15246666-O5.
		O2:  	96942372-O2.
		CO:  	28191669+O1.
		CO2: 	26511221+O1.
		CH2: 	82217024-O8.
		CH4: 	10582451-O7.
		HCO: 	18210315-O5.
		H2CO:	15308126-O7.
		CN:  	12767770-O7.
		HCN: 	26578601-O6.
